NACA 2412
     1.000000    0.001260
     0.996809    0.001919
     0.991612    0.002986
     0.985904    0.004149
     0.979681    0.005407
     0.972967    0.006752
     0.965811    0.008172
     0.958276    0.009652
     0.950435    0.011176
     0.942357    0.012729
     0.934102    0.014297
     0.925718    0.015872
     0.917242    0.017445
     0.908700    0.019012
     0.900112    0.020568
     0.891492    0.022111
     0.882848    0.023639
     0.874186    0.025152
     0.865512    0.026648
     0.856828    0.028126
     0.848135    0.029587
     0.839437    0.031031
     0.830733    0.032457
     0.822025    0.033865
     0.813312    0.035255
     0.804596    0.036626
     0.795876    0.037980
     0.787154    0.039316
     0.778429    0.040634
     0.769701    0.041933
     0.760971    0.043214
     0.752239    0.044477
     0.743506    0.045721
     0.734771    0.046947
     0.726034    0.048154
     0.717296    0.049343
     0.708557    0.050512
     0.699817    0.051663
     0.691077    0.052795
     0.682336    0.053907
     0.673595    0.055000
     0.664854    0.056074
     0.656113    0.057128
     0.647372    0.058161
     0.638632    0.059175
     0.629893    0.060169
     0.621155    0.061142
     0.612419    0.062094
     0.603683    0.063025
     0.594950    0.063935
     0.586218    0.064823
     0.577489    0.065690
     0.568762    0.066534
     0.560038    0.067356
     0.551317    0.068156
     0.542599    0.068932
     0.533885    0.069684
     0.525174    0.070413
     0.516468    0.071118
     0.507766    0.071798
     0.499069    0.072454
     0.490377    0.073084
     0.481691    0.073688
     0.473011    0.074265
     0.464339    0.074816
     0.455674    0.075340
     0.447018    0.075836
     0.438373    0.076304
     0.429740    0.076743
     0.421123    0.077152
     0.412526    0.077531
     0.403954    0.077880
     0.395415    0.078195
     0.386912    0.078470
     0.378433    0.078702
     0.369975    0.078893
     0.361535    0.079041
     0.353111    0.079146
     0.344703    0.079207
     0.336310    0.079224
     0.327933    0.079196
     0.319571    0.079123
     0.311225    0.079003
     0.302897    0.078837
     0.294586    0.078622
     0.286293    0.078359
     0.278021    0.078046
     0.269770    0.077684
     0.261541    0.077270
     0.253337    0.076805
     0.245157    0.076286
     0.237005    0.075715
     0.228883    0.075088
     0.220791    0.074406
     0.212734    0.073668
     0.204713    0.072872
     0.196732    0.072018
     0.188794    0.071105
     0.180903    0.070132
     0.173064    0.069098
     0.165282    0.068002
     0.157564    0.066845
     0.149916    0.065625
     0.142348    0.064343
     0.134870    0.062999
     0.127495    0.061595
     0.120235    0.060131
     0.113109    0.058610
     0.106134    0.057036
     0.099333    0.055415
     0.092729    0.053752
     0.086346    0.052054
     0.080208    0.050332
     0.074340    0.048596
     0.068760    0.046856
     0.063485    0.045122
     0.058523    0.043406
     0.053878    0.041715
     0.049547    0.040057
     0.045521    0.038438
     0.041787    0.036860
     0.038328    0.035327
     0.035127    0.033837
     0.032165    0.032391
     0.029423    0.030988
     0.026882    0.029624
     0.024527    0.028298
     0.022342    0.027006
     0.020311    0.025746
     0.018423    0.024516
     0.016667    0.023312
     0.015031    0.022132
     0.013507    0.020972
     0.012088    0.019832
     0.010766    0.018708
     0.009536    0.017598
     0.008392    0.016500
     0.007331    0.015413
     0.006348    0.014335
     0.005442    0.013264
     0.004609    0.012199
     0.003848    0.011139
     0.003158    0.010084
     0.002537    0.009033
     0.001986    0.007986
     0.001503    0.006943
     0.001089    0.005906
     0.000743    0.004875
     0.000465    0.003853
     0.000253    0.002840
     0.000106    0.001840
     0.000023    0.000856
     0.000000   -0.000109
     0.000037   -0.001075
     0.000137   -0.002058
     0.000304   -0.003052
     0.000542   -0.004051
     0.000853   -0.005053
     0.001239   -0.006053
     0.001701   -0.007049
     0.002240   -0.008037
     0.002855   -0.009016
     0.003545   -0.009983
     0.004311   -0.010937
     0.005151   -0.011879
     0.006067   -0.012807
     0.007059   -0.013723
     0.008127   -0.014627
     0.009274   -0.015520
     0.010503   -0.016403
     0.011815   -0.017277
     0.013217   -0.018144
     0.014711   -0.019005
     0.016306   -0.019862
     0.018006   -0.020715
     0.019821   -0.021567
     0.021760   -0.022418
     0.023833   -0.023270
     0.026053   -0.024123
     0.028433   -0.024980
     0.030989   -0.025840
     0.033738   -0.026705
     0.036698   -0.027574
     0.039891   -0.028448
     0.043336   -0.029326
     0.047058   -0.030207
     0.051077   -0.031089
     0.055414   -0.031968
     0.060085   -0.032841
     0.065103   -0.033703
     0.070474   -0.034547
     0.076196   -0.035367
     0.082258   -0.036158
     0.088644   -0.036912
     0.095330   -0.037623
     0.102288   -0.038288
     0.109489   -0.038903
     0.116902   -0.039466
     0.124500   -0.039976
     0.132258   -0.040433
     0.140154   -0.040837
     0.148168   -0.041191
     0.156284   -0.041495
     0.164489   -0.041753
     0.172772   -0.041966
     0.181123   -0.042137
     0.189534   -0.042267
     0.198000   -0.042359
     0.206515   -0.042415
     0.215073   -0.042438
     0.223672   -0.042429
     0.232308   -0.042389
     0.240977   -0.042322
     0.249678   -0.042229
     0.258408   -0.042111
     0.267165   -0.041970
     0.275947   -0.041807
     0.284753   -0.041625
     0.293582   -0.041424
     0.302431   -0.041206
     0.311299   -0.040971
     0.320186   -0.040723
     0.329091   -0.040460
     0.338010   -0.040185
     0.346945   -0.039899
     0.355891   -0.039602
     0.364848   -0.039297
     0.373812   -0.038983
     0.382780   -0.038662
     0.391745   -0.038336
     0.400699   -0.038004
     0.409633   -0.037662
     0.418556   -0.037307
     0.427475   -0.036937
     0.436394   -0.036554
     0.445316   -0.036159
     0.454243   -0.035751
     0.463176   -0.035332
     0.472114   -0.034901
     0.481059   -0.034461
     0.490011   -0.034010
     0.498969   -0.033549
     0.507934   -0.033080
     0.516905   -0.032602
     0.525882   -0.032116
     0.534865   -0.031622
     0.543853   -0.031121
     0.552847   -0.030613
     0.561846   -0.030098
     0.570850   -0.029578
     0.579859   -0.029051
     0.588871   -0.028519
     0.597889   -0.027982
     0.606910   -0.027440
     0.615934   -0.026894
     0.624963   -0.026343
     0.633994   -0.025789
     0.643029   -0.025230
     0.652067   -0.024668
     0.661107   -0.024103
     0.670150   -0.023535
     0.679196   -0.022963
     0.688243   -0.022389
     0.697292   -0.021812
     0.706343   -0.021233
     0.715395   -0.020651
     0.724449   -0.020067
     0.733504   -0.019481
     0.742560   -0.018893
     0.751616   -0.018303
     0.760673   -0.017711
     0.769731   -0.017117
     0.778788   -0.016522
     0.787845   -0.015925
     0.796902   -0.015325
     0.805959   -0.014725
     0.815014   -0.014122
     0.824068   -0.013518
     0.833119   -0.012911
     0.842168   -0.012303
     0.851214   -0.011694
     0.860254   -0.011082
     0.869287   -0.010469
     0.878310   -0.009854
     0.887317   -0.009238
     0.896304   -0.008621
     0.905259   -0.008003
     0.914170   -0.007385
     0.923014   -0.006770
     0.931763   -0.006158
     0.940376   -0.005552
     0.948800   -0.004956
     0.956968   -0.004376
     0.964803   -0.003816
     0.972227   -0.003282
     0.979167   -0.002781
     0.985577   -0.002316
     0.991435   -0.001889
     0.996746   -0.001499
     1.000000   -0.001260
