NACA 4412
     0.988369   -0.067220
     0.987375   -0.066516
     0.985566   -0.065238
     0.983238   -0.063595
     0.980496   -0.061664
     0.977403   -0.059493
     0.974002   -0.057113
     0.970326   -0.054548
     0.966399   -0.051818
     0.962241   -0.048938
     0.957871   -0.045922
     0.953301   -0.042781
     0.948546   -0.039527
     0.943617   -0.036168
     0.938523   -0.032712
     0.933274   -0.029168
     0.927878   -0.025542
     0.922342   -0.021840
     0.916674   -0.018068
     0.910880   -0.014232
     0.904966   -0.010337
     0.898938   -0.006387
     0.892801   -0.002388
     0.886560    0.001657
     0.880220    0.005743
     0.873786    0.009867
     0.867261    0.014026
     0.860650    0.018215
     0.853956    0.022431
     0.847185    0.026672
     0.840338    0.030934
     0.833420    0.035215
     0.826434    0.039511
     0.823373    0.041352
     0.820431    0.042882
     0.817390    0.044203
     0.814264    0.045308
     0.811069    0.046193
     0.803226    0.047807
     0.795065    0.049434
     0.786845    0.051049
     0.778572    0.052650
     0.770247    0.054236
     0.761875    0.055807
     0.753458    0.057361
     0.745001    0.058897
     0.736505    0.060414
     0.727973    0.061912
     0.719410    0.063389
     0.710817    0.064844
     0.702198    0.066278
     0.693554    0.067688
     0.684889    0.069075
     0.676206    0.070437
     0.667506    0.071775
     0.658792    0.073086
     0.650067    0.074371
     0.641333    0.075629
     0.632592    0.076859
     0.623847    0.078060
     0.615100    0.079233
     0.606352    0.080377
     0.597607    0.081491
     0.588866    0.082575
     0.580132    0.083627
     0.571405    0.084649
     0.562689    0.085638
     0.553986    0.086596
     0.545297    0.087521
     0.536624    0.088413
     0.527969    0.089272
     0.519334    0.090098
     0.510721    0.090889
     0.502131    0.091646
     0.493567    0.092369
     0.485030    0.093057
     0.476521    0.093710
     0.468043    0.094327
     0.459598    0.094909
     0.451186    0.095455
     0.442810    0.095966
     0.434471    0.096440
     0.426171    0.096878
     0.417911    0.097279
     0.409693    0.097644
     0.401518    0.097973
     0.393388    0.098259
     0.385305    0.098490
     0.377270    0.098666
     0.369284    0.098789
     0.361349    0.098857
     0.353467    0.098872
     0.345638    0.098833
     0.337864    0.098742
     0.330147    0.098598
     0.322488    0.098403
     0.314888    0.098156
     0.307349    0.097859
     0.299872    0.097511
     0.292459    0.097114
     0.285110    0.096667
     0.277827    0.096173
     0.270611    0.095631
     0.263464    0.095041
     0.256387    0.094406
     0.249381    0.093725
     0.242448    0.093000
     0.235588    0.092230
     0.228802    0.091418
     0.222093    0.090563
     0.215461    0.089668
     0.208908    0.088731
     0.202435    0.087756
     0.196042    0.086741
     0.189731    0.085690
     0.183503    0.084601
     0.177360    0.083477
     0.171302    0.082318
     0.165331    0.081126
     0.159448    0.079901
     0.153654    0.078645
     0.147949    0.077358
     0.142336    0.076042
     0.136815    0.074698
     0.131387    0.073327
     0.126053    0.071930
     0.120815    0.070508
     0.115674    0.069062
     0.110630    0.067594
     0.105684    0.066104
     0.100839    0.064594
     0.096094    0.063065
     0.091450    0.061518
     0.086910    0.059955
     0.082473    0.058376
     0.078141    0.056782
     0.073915    0.055175
     0.069796    0.053556
     0.065784    0.051926
     0.061881    0.050287
     0.058089    0.048638
     0.054406    0.046982
     0.050836    0.045320
     0.047378    0.043652
     0.044034    0.041980
     0.040804    0.040304
     0.037690    0.038627
     0.034693    0.036948
     0.031813    0.035270
     0.029051    0.033592
     0.026409    0.031916
     0.023886    0.030243
     0.021485    0.028573
     0.019206    0.026908
     0.017050    0.025249
     0.015018    0.023595
     0.013111    0.021949
     0.011329    0.020311
     0.009674    0.018681
     0.008146    0.017061
     0.006746    0.015450
     0.005476    0.013850
     0.004336    0.012261
     0.003327    0.010683
     0.002449    0.009118
     0.001704    0.007565
     0.001093    0.006025
     0.000616    0.004498
     0.000274    0.002985
     0.000069    0.001485
     0.000000    0.000000
     0.000069   -0.001458
     0.000274   -0.002875
     0.000616   -0.004252
     0.001093   -0.005588
     0.001704   -0.006884
     0.002449   -0.008141
     0.003327   -0.009358
     0.004336   -0.010536
     0.005476   -0.011674
     0.006746   -0.012774
     0.008146   -0.013836
     0.009674   -0.014859
     0.011329   -0.015844
     0.013111   -0.016791
     0.015018   -0.017701
     0.017050   -0.018574
     0.019206   -0.019410
     0.021485   -0.020210
     0.023886   -0.020973
     0.026409   -0.021701
     0.029051   -0.022393
     0.031813   -0.023051
     0.034693   -0.023673
     0.037690   -0.024261
     0.040804   -0.024815
     0.044034   -0.025336
     0.047378   -0.025823
     0.050836   -0.026277
     0.054406   -0.026700
     0.058089   -0.027090
     0.061881   -0.027449
     0.065784   -0.027776
     0.069796   -0.028074
     0.073915   -0.028341
     0.078141   -0.028579
     0.082473   -0.028787
     0.086910   -0.028968
     0.091450   -0.029120
     0.096094   -0.029245
     0.100839   -0.029343
     0.105684   -0.029415
     0.110630   -0.029461
     0.115674   -0.029483
     0.120815   -0.029480
     0.126053   -0.029453
     0.131387   -0.029403
     0.136815   -0.029331
     0.142336   -0.029238
     0.147949   -0.029123
     0.153654   -0.028988
     0.159448   -0.028834
     0.165331   -0.028661
     0.171302   -0.028470
     0.177360   -0.028261
     0.183503   -0.028036
     0.189731   -0.027796
     0.196042   -0.027541
     0.202435   -0.027272
     0.208908   -0.026989
     0.215461   -0.026695
     0.222093   -0.026389
     0.228802   -0.026072
     0.235588   -0.025746
     0.242448   -0.025411
     0.249381   -0.025068
     0.256387   -0.024718
     0.263464   -0.024362
     0.270611   -0.024001
     0.277827   -0.023636
     0.285110   -0.023267
     0.292459   -0.022896
     0.299872   -0.022524
     0.307349   -0.022151
     0.314888   -0.021778
     0.322488   -0.021407
     0.330147   -0.021038
     0.337864   -0.020672
     0.345638   -0.020311
     0.353467   -0.019954
     0.361349   -0.019604
     0.369284   -0.019260
     0.377270   -0.018925
     0.385305   -0.018598
     0.393388   -0.018281
     0.401518   -0.017973
     0.409693   -0.017665
     0.417911   -0.017351
     0.426171   -0.017030
     0.434471   -0.016704
     0.442810   -0.016373
     0.451186   -0.016038
     0.459598   -0.015698
     0.468043   -0.015356
     0.476521   -0.015011
     0.485030   -0.014663
     0.493567   -0.014314
     0.502131   -0.013964
     0.510721   -0.013613
     0.519334   -0.013262
     0.527969   -0.012911
     0.536624   -0.012561
     0.545297   -0.012213
     0.553986   -0.011865
     0.562689   -0.011520
     0.571405   -0.011178
     0.580132   -0.010838
     0.588866   -0.010501
     0.597607   -0.010169
     0.606352   -0.009840
     0.615100   -0.009515
     0.623847   -0.009195
     0.632592   -0.008881
     0.641333   -0.008571
     0.650067   -0.008267
     0.658792   -0.007969
     0.667506   -0.007677
     0.676206   -0.007391
     0.684889   -0.007111
     0.693554   -0.006838
     0.702198   -0.006572
     0.710817   -0.006313
     0.719410   -0.006060
     0.727973   -0.005815
     0.736505   -0.005577
     0.745001   -0.005347
     0.753458   -0.005124
     0.761875   -0.004908
     0.770247   -0.004699
     0.778572   -0.004498
     0.786845   -0.004304
     0.795065   -0.004118
     0.797942   -0.004054
     0.799381   -0.004023
     0.802706   -0.005152
     0.809354   -0.007413
     0.816961   -0.010006
     0.824499   -0.012582
     0.831966   -0.015140
     0.839358   -0.017677
     0.846671   -0.020192
     0.853899   -0.022684
     0.861040   -0.025151
     0.868088   -0.027590
     0.875038   -0.030001
     0.881885   -0.032380
     0.888624   -0.034726
     0.895248   -0.037036
     0.901753   -0.039309
     0.908131   -0.041541
     0.914375   -0.043729
     0.920478   -0.045871
     0.926432   -0.047964
     0.932229   -0.050005
     0.937858   -0.051989
     0.943310   -0.053913
     0.948573   -0.055772
     0.953634   -0.057562
     0.958478   -0.059277
     0.963089   -0.060911
     0.967447   -0.062457
     0.971530   -0.063906
     0.975308   -0.065248
     0.978746   -0.066471
     0.981796   -0.067555
     0.984387   -0.068477
     0.986400   -0.069194
     0.987508   -0.069588
